-1 0 0 255
-0.95 0 64 255
-0.9 0 128 255
-0.85 0 200 255
-0.8 0 255 255
-0.75 0 255 200
-0.7 0 255 128
-0.65 0 255 64
-0.6 0 255 0
-0.55 64 255 0
-0.5 128 255 0
-0.45 200 255 0
-0.4 255 255 0
-0.35 255 200 0
-0.3 255 128 0
-0.25 255 64 0
-0.2 255 0 0
-0.15 255 0 64
-0.1 255 0 128
-0.05 255 0 200
0 255 0 255
0.05 200 0 255
0.1 128 0 255
0.15 64 0 255
0.2 0 0 255
0.25 0 64 255
0.3 0 128 255
0.35 0 200 255
0.4 0 255 255
0.45 0 255 200
0.5 0 255 128
0.55 0 255 64
0.6 0 255 0
0.65 64 255 0
0.7 128 255 0
0.75 200 255 0
0.8 255 255 0
0.85 255 200 0
0.9 255 128 0
0.95 255 64 0
1 255 0 0
nv 0 0 0 0